# This is an example of how the metadata file should look like. It's normally
# generated by the map editor (in the qt directory).
map_filename: /Users/ska/Desktop/mega_map.png
tile_size: 240

reference_positions:
  - latitude: 59.30211281169723
    longitude: 17.937790445665566
    x_pixel: 55
    y_pixel: 190

  - latitude: 59.26769865815629
    longitude: 17.969976954073577
    x_pixel: 550
    y_pixel: 1900

corner_position:
  latitude: 59.30211281169723
  longitude: 17.937790445665566
  latitude_pixel_size: 16485
  longitude_pixel_size: 8766

land_pixel_colors:
  - r: 254
    g: 242
    b: 203

  - r: 197
    g: 185
    b: 158

extra_land:
  - x_pixel: 100
    y_pixel: 110
  - x_pixel: 200
    y_pixel: 220
